25
56 -31 21 9 14 -78 -61 58 -18 55 -59 -26 10 40 -41 -69 -56 79 -16 32 -33 14 31 -88 36
13
25
-99 -91 -90 -86 -85 -85 -71 -71 -60 -48 -30 -22 -20 -18 -14 -12 -10 -8 28 39 39 44 54 80 90
90
50
-35 -10 59 -8 -99 -63 16 -7 -64 82 -30 14 47 -11 -9 -36 -91 32 -1 31 69 76 26 -93 -9 -60 -16 74 38 92 89 -41 45 56 -42 30 -21 51 -51 59 -86 7 62 97 -81 -95 61 -97 95 25
50
68 -68 -57 -79 -50 30 6 -26 -33 81 74 46 13 60 6 14 57 -46 41 -25 -44 -35 55 4 -20 83 84 -29 -98 -45 -36 -4 58 77 -60 27 21 -28 -24 -72 53 42 64 32 8 -44 -89 -64 -71 78
50
32 -67 -25 -84 -15 -67 10 82 -86 74 -98 13 50 43 5 7 -1 -58 58 -71 33 0 62 26 3 -99 48 91 -73 -40 87 65 -96 80 31 -42 37 20 32 47 -1 -53 -40 54 -35 -17 -14 13 -35 66
50
-44 -18 5 -100 -28 37 22 16 27 -57 12 -62 -59 -78 86 -5 -31 -64 92 28 71 61 58 -43 -88 -75 4 -82 -84 -57 -33 -56 -64 100 -27 -21 100 69 -14 -6 86 13 36 25 65 -67 -85 99 21 51
